x  y   lat     lon    sand clay color  fractional coverage of grid by vegetation class (Must/Should Add to 1.0)
      (Deg)   (Deg)    (%/100)  index  1    2    3    4    5    6    7    8    9   10  11  12   13   14   15   16   17   18
1 1 41.184000 -105.396000 0.74 0.08 4 0 0 0 0 0 0 0 0 0 1 0 0 0 0 0 0 0 0
2 1 41.184000 -105.396000 0.74 0.08 4 0 0 0 0 0 0 0 0 0 1 0 0 0 0 0 0 0 0
3 1 41.184000 -105.396000 0.74 0.08 4 0 0 0 0 0 0 0 0 0 1 0 0 0 0 0 0 0 0
4 1 41.184000 -105.396000 0.74 0.08 4 0 0 0 0 0 0 0 0 0 1 0 0 0 0 0 0 0 0
5 1 41.184000 -105.396000 0.74 0.08 4 0 0 0 0 0 0 0 0 0 1 0 0 0 0 0 0 0 0
6 1 41.184000 -105.396000 0.74 0.08 4 0 0 0 0 0 0 0 0 0 1 0 0 0 0 0 0 0 0
7 1 41.184000 -105.396000 0.74 0.08 4 0 0 0 0 0 0 0 0 0 1 0 0 0 0 0 0 0 0
8 1 41.184000 -105.396000 0.74 0.08 4 0 0 0 0 0 0 0 0 0 1 0 0 0 0 0 0 0 0
9 1 41.184000 -105.396000 0.74 0.08 4 0 0 0 0 0 0 0 0 0 1 0 0 0 0 0 0 0 0
10 1 41.184000 -105.396000 0.74 0.08 4 0 0 0 0 0 0 0 0 0 1 0 0 0 0 0 0 0 0
11 1 41.184000 -105.396000 0.74 0.08 4 0 0 0 0 0 0 0 0 0 1 0 0 0 0 0 0 0 0
12 1 41.184000 -105.396000 0.74 0.08 4 0 0 0 0 0 0 0 0 0 1 0 0 0 0 0 0 0 0
13 1 41.184000 -105.396000 0.74 0.08 4 0 0 0 0 0 0 0 0 0 1 0 0 0 0 0 0 0 0
14 1 41.184000 -105.396000 0.74 0.08 4 0 0 0 0 0 0 0 0 0 1 0 0 0 0 0 0 0 0
15 1 41.184000 -105.396000 0.74 0.08 4 0 0 0 0 0 0 0 0 0 1 0 0 0 0 0 0 0 0
16 1 41.184000 -105.396000 0.74 0.08 4 0 0 0 0 0 0 0 0 0 1 0 0 0 0 0 0 0 0
17 1 41.184000 -105.396000 0.74 0.08 4 0 0 0 0 0 0 0 0 0 1 0 0 0 0 0 0 0 0
18 1 41.184000 -105.396000 0.74 0.08 4 0 0 0 0 0 0 0 0 0 1 0 0 0 0 0 0 0 0
19 1 41.184000 -105.396000 0.74 0.08 4 0 0 0 0 0 0 0 0 0 1 0 0 0 0 0 0 0 0
20 1 41.184000 -105.396000 0.74 0.08 4 0 0 0 0 0 0 0 0 0 1 0 0 0 0 0 0 0 0
21 1 41.184000 -105.396000 0.74 0.08 4 0 0 0 0 0 0 0 0 0 1 0 0 0 0 0 0 0 0
22 1 41.184000 -105.396000 0.74 0.08 4 0 0 0 0 0 0 0 0 0 1 0 0 0 0 0 0 0 0
23 1 41.184000 -105.396000 0.74 0.08 4 0 0 0 0 0 0 0 0 0 1 0 0 0 0 0 0 0 0
24 1 41.184000 -105.396000 0.74 0.08 4 0 0 0 0 0 0 0 0 0 1 0 0 0 0 0 0 0 0
25 1 41.184000 -105.396000 0.74 0.08 4 0 0 0 0 0 0 0 0 0 1 0 0 0 0 0 0 0 0
26 1 41.184000 -105.396000 0.74 0.08 4 0 0 0 0 0 0 0 0 0 1 0 0 0 0 0 0 0 0
27 1 41.184000 -105.396000 0.74 0.08 4 0 0 0 0 0 0 0 0 0 1 0 0 0 0 0 0 0 0
28 1 41.184000 -105.396000 0.74 0.08 4 0 0 0 0 0 0 0 0 0 1 0 0 0 0 0 0 0 0
29 1 41.184000 -105.396000 0.74 0.08 4 0 0 0 0 0 0 0 0 0 1 0 0 0 0 0 0 0 0
30 1 41.184000 -105.396000 0.74 0.08 4 0 0 0 0 0 0 0 0 0 1 0 0 0 0 0 0 0 0
31 1 41.184000 -105.396000 0.74 0.08 4 0 0 0 0 0 0 0 0 0 1 0 0 0 0 0 0 0 0
32 1 41.184000 -105.396000 0.74 0.08 4 0 0 0 0 0 0 0 0 0 1 0 0 0 0 0 0 0 0
33 1 41.184000 -105.396000 0.74 0.08 4 0 0 0 0 0 0 0 0 0 1 0 0 0 0 0 0 0 0
34 1 41.184000 -105.396000 0.74 0.08 4 0 0 0 0 0 0 0 0 0 1 0 0 0 0 0 0 0 0
35 1 41.184000 -105.396000 0.74 0.08 4 0 0 0 0 0 0 0 0 0 1 0 0 0 0 0 0 0 0
36 1 41.184000 -105.396000 0.74 0.08 4 0 0 0 0 0 0 0 0 0 1 0 0 0 0 0 0 0 0
37 1 41.184000 -105.396000 0.74 0.08 4 0 0 0 0 0 0 0 0 0 1 0 0 0 0 0 0 0 0
38 1 41.184000 -105.396000 0.74 0.08 4 0 0 0 0 0 0 0 0 0 1 0 0 0 0 0 0 0 0
39 1 41.184000 -105.396000 0.74 0.08 4 0 0 0 0 0 0 0 0 0 1 0 0 0 0 0 0 0 0
40 1 41.184000 -105.396000 0.74 0.08 4 0 0 0 0 0 0 0 0 0 1 0 0 0 0 0 0 0 0
41 1 41.184000 -105.396000 0.74 0.08 4 0 0 0 0 0 0 0 0 0 1 0 0 0 0 0 0 0 0
42 1 41.184000 -105.396000 0.74 0.08 4 0 0 0 0 0 0 0 0 0 1 0 0 0 0 0 0 0 0
43 1 41.184000 -105.396000 0.74 0.08 4 0 0 0 0 0 0 0 0 0 1 0 0 0 0 0 0 0 0
44 1 41.184000 -105.396000 0.74 0.08 4 0 0 0 0 0 0 0 0 0 1 0 0 0 0 0 0 0 0
45 1 41.184000 -105.396000 0.74 0.08 4 0 0 0 0 0 0 0 0 0 1 0 0 0 0 0 0 0 0
46 1 41.184000 -105.396000 0.74 0.08 4 0 0 0 0 0 0 0 0 0 1 0 0 0 0 0 0 0 0
47 1 41.184000 -105.396000 0.74 0.08 4 0 0 0 0 0 0 0 0 0 1 0 0 0 0 0 0 0 0
48 1 41.184000 -105.396000 0.74 0.08 4 0 0 0 0 0 0 0 0 0 1 0 0 0 0 0 0 0 0
49 1 41.184000 -105.396000 0.74 0.08 4 0 0 0 0 0 0 0 0 0 1 0 0 0 0 0 0 0 0
50 1 41.184000 -105.396000 0.74 0.08 4 0 0 0 0 0 0 0 0 0 1 0 0 0 0 0 0 0 0
1 2 41.184000 -105.396000 0.74 0.08 4 0 0 0 0 0 0 0 0 0 1 0 0 0 0 0 0 0 0
2 2 41.184000 -105.396000 0.74 0.08 4 0 0 0 0 0 0 0 0 0 1 0 0 0 0 0 0 0 0
3 2 41.184000 -105.396000 0.74 0.08 4 0 0 0 0 0 0 0 0 0 1 0 0 0 0 0 0 0 0
4 2 41.184000 -105.396000 0.74 0.08 4 0 0 0 0 0 0 0 0 0 1 0 0 0 0 0 0 0 0
5 2 41.184000 -105.396000 0.74 0.08 4 0 0 0 0 0 0 0 0 0 1 0 0 0 0 0 0 0 0
6 2 41.184000 -105.396000 0.74 0.08 4 0 0 0 0 0 0 0 0 0 1 0 0 0 0 0 0 0 0
7 2 41.184000 -105.396000 0.74 0.08 4 0 0 0 0 0 0 0 0 0 1 0 0 0 0 0 0 0 0
8 2 41.184000 -105.396000 0.74 0.08 4 0 0 0 0 0 0 0 0 0 1 0 0 0 0 0 0 0 0
9 2 41.184000 -105.396000 0.74 0.08 4 0 0 0 0 0 0 0 0 0 1 0 0 0 0 0 0 0 0
10 2 41.184000 -105.396000 0.74 0.08 4 0 0 0 0 0 0 0 0 0 1 0 0 0 0 0 0 0 0
11 2 41.184000 -105.396000 0.74 0.08 4 0 0 0 0 0 0 0 0 0 1 0 0 0 0 0 0 0 0
12 2 41.184000 -105.396000 0.74 0.08 4 0 0 0 0 0 0 0 0 0 1 0 0 0 0 0 0 0 0
13 2 41.184000 -105.396000 0.74 0.08 4 0 0 0 0 0 0 0 0 0 1 0 0 0 0 0 0 0 0
14 2 41.184000 -105.396000 0.74 0.08 4 0 0 0 0 0 0 0 0 0 1 0 0 0 0 0 0 0 0
15 2 41.184000 -105.396000 0.74 0.08 4 0 0 0 0 0 0 0 0 0 1 0 0 0 0 0 0 0 0
16 2 41.184000 -105.396000 0.74 0.08 4 0 0 0 0 0 0 0 0 0 1 0 0 0 0 0 0 0 0
17 2 41.184000 -105.396000 0.74 0.08 4 0 0 0 0 0 0 0 0 0 1 0 0 0 0 0 0 0 0
18 2 41.184000 -105.396000 0.74 0.08 4 0 0 0 0 0 0 0 0 0 1 0 0 0 0 0 0 0 0
19 2 41.184000 -105.396000 0.74 0.08 4 0 0 0 0 0 0 0 0 0 1 0 0 0 0 0 0 0 0
20 2 41.184000 -105.396000 0.74 0.08 4 0 0 0 0 0 0 0 0 0 1 0 0 0 0 0 0 0 0
21 2 41.184000 -105.396000 0.74 0.08 4 0 0 0 0 0 0 0 0 0 1 0 0 0 0 0 0 0 0
22 2 41.184000 -105.396000 0.74 0.08 4 0 0 0 0 0 0 0 0 0 1 0 0 0 0 0 0 0 0
23 2 41.184000 -105.396000 0.74 0.08 4 0 0 0 0 0 0 0 0 0 1 0 0 0 0 0 0 0 0
24 2 41.184000 -105.396000 0.74 0.08 4 0 0 0 0 0 0 0 0 0 1 0 0 0 0 0 0 0 0
25 2 41.184000 -105.396000 0.74 0.08 4 0 0 0 0 0 0 0 0 0 1 0 0 0 0 0 0 0 0
26 2 41.184000 -105.396000 0.74 0.08 4 0 0 0 0 0 0 0 0 0 1 0 0 0 0 0 0 0 0
27 2 41.184000 -105.396000 0.74 0.08 4 0 0 0 0 0 0 0 0 0 1 0 0 0 0 0 0 0 0
28 2 41.184000 -105.396000 0.74 0.08 4 0 0 0 0 0 0 0 0 0 1 0 0 0 0 0 0 0 0
29 2 41.184000 -105.396000 0.74 0.08 4 0 0 0 0 0 0 0 0 0 1 0 0 0 0 0 0 0 0
30 2 41.184000 -105.396000 0.74 0.08 4 0 0 0 0 0 0 0 0 0 1 0 0 0 0 0 0 0 0
31 2 41.184000 -105.396000 0.74 0.08 4 0 0 0 0 0 0 0 0 0 1 0 0 0 0 0 0 0 0
32 2 41.184000 -105.396000 0.74 0.08 4 0 0 0 0 0 0 0 0 0 1 0 0 0 0 0 0 0 0
33 2 41.184000 -105.396000 0.74 0.08 4 0 0 0 0 0 0 0 0 0 1 0 0 0 0 0 0 0 0
34 2 41.184000 -105.396000 0.74 0.08 4 0 0 0 0 0 0 0 0 0 1 0 0 0 0 0 0 0 0
35 2 41.184000 -105.396000 0.74 0.08 4 0 0 0 0 0 0 0 0 0 1 0 0 0 0 0 0 0 0
36 2 41.184000 -105.396000 0.74 0.08 4 0 0 0 0 0 0 0 0 0 1 0 0 0 0 0 0 0 0
37 2 41.184000 -105.396000 0.74 0.08 4 0 0 0 0 0 0 0 0 0 1 0 0 0 0 0 0 0 0
38 2 41.184000 -105.396000 0.74 0.08 4 0 0 0 0 0 0 0 0 0 1 0 0 0 0 0 0 0 0
39 2 41.184000 -105.396000 0.74 0.08 4 0 0 0 0 0 0 0 0 0 1 0 0 0 0 0 0 0 0
40 2 41.184000 -105.396000 0.74 0.08 4 0 0 0 0 0 0 0 0 0 1 0 0 0 0 0 0 0 0
41 2 41.184000 -105.396000 0.74 0.08 4 0 0 0 0 0 0 0 0 0 1 0 0 0 0 0 0 0 0
42 2 41.184000 -105.396000 0.74 0.08 4 0 0 0 0 0 0 0 0 0 1 0 0 0 0 0 0 0 0
43 2 41.184000 -105.396000 0.74 0.08 4 0 0 0 0 0 0 0 0 0 1 0 0 0 0 0 0 0 0
44 2 41.184000 -105.396000 0.74 0.08 4 0 0 0 0 0 0 0 0 0 1 0 0 0 0 0 0 0 0
45 2 41.184000 -105.396000 0.74 0.08 4 0 0 0 0 0 0 0 0 0 1 0 0 0 0 0 0 0 0
46 2 41.184000 -105.396000 0.74 0.08 4 0 0 0 0 0 0 0 0 0 1 0 0 0 0 0 0 0 0
47 2 41.184000 -105.396000 0.74 0.08 4 0 0 0 0 0 0 0 0 0 1 0 0 0 0 0 0 0 0
48 2 41.184000 -105.396000 0.74 0.08 4 0 0 0 0 0 0 0 0 0 1 0 0 0 0 0 0 0 0
49 2 41.184000 -105.396000 0.74 0.08 4 0 0 0 0 0 0 0 0 0 1 0 0 0 0 0 0 0 0
50 2 41.184000 -105.396000 0.74 0.08 4 0 0 0 0 0 0 0 0 0 1 0 0 0 0 0 0 0 0
1 3 41.184000 -105.396000 0.74 0.08 4 0 0 0 0 0 0 0 0 0 1 0 0 0 0 0 0 0 0
2 3 41.184000 -105.396000 0.74 0.08 4 0 0 0 0 0 0 0 0 0 1 0 0 0 0 0 0 0 0
3 3 41.184000 -105.396000 0.74 0.08 4 0 0 0 0 0 0 0 0 0 1 0 0 0 0 0 0 0 0
4 3 41.184000 -105.396000 0.74 0.08 4 0 0 0 0 0 0 0 0 0 1 0 0 0 0 0 0 0 0
5 3 41.184000 -105.396000 0.74 0.08 4 0 0 0 0 0 0 0 0 0 1 0 0 0 0 0 0 0 0
6 3 41.184000 -105.396000 0.74 0.08 4 0 0 0 0 0 0 0 0 0 1 0 0 0 0 0 0 0 0
7 3 41.184000 -105.396000 0.74 0.08 4 0 0 0 0 0 0 0 0 0 1 0 0 0 0 0 0 0 0
8 3 41.184000 -105.396000 0.74 0.08 4 0 0 0 0 0 0 0 0 0 1 0 0 0 0 0 0 0 0
9 3 41.184000 -105.396000 0.74 0.08 4 0 0 0 0 0 0 0 0 0 1 0 0 0 0 0 0 0 0
10 3 41.184000 -105.396000 0.74 0.08 4 0 0 0 0 0 0 0 0 0 1 0 0 0 0 0 0 0 0
11 3 41.184000 -105.396000 0.74 0.08 4 0 0 0 0 0 0 0 0 0 1 0 0 0 0 0 0 0 0
12 3 41.184000 -105.396000 0.74 0.08 4 0 0 0 0 0 0 0 0 0 1 0 0 0 0 0 0 0 0
13 3 41.184000 -105.396000 0.74 0.08 4 0 0 0 0 0 0 0 0 0 1 0 0 0 0 0 0 0 0
14 3 41.184000 -105.396000 0.74 0.08 4 0 0 0 0 0 0 0 0 0 1 0 0 0 0 0 0 0 0
15 3 41.184000 -105.396000 0.74 0.08 4 0 0 0 0 0 0 0 0 0 1 0 0 0 0 0 0 0 0
16 3 41.184000 -105.396000 0.74 0.08 4 0 0 0 0 0 0 0 0 0 1 0 0 0 0 0 0 0 0
17 3 41.184000 -105.396000 0.74 0.08 4 0 0 0 0 0 0 0 0 0 1 0 0 0 0 0 0 0 0
18 3 41.184000 -105.396000 0.74 0.08 4 0 0 0 0 0 0 0 0 0 1 0 0 0 0 0 0 0 0
19 3 41.184000 -105.396000 0.74 0.08 4 0 0 0 0 0 0 0 0 0 1 0 0 0 0 0 0 0 0
20 3 41.184000 -105.396000 0.74 0.08 4 0 0 0 0 0 0 0 0 0 1 0 0 0 0 0 0 0 0
21 3 41.184000 -105.396000 0.74 0.08 4 0 0 0 0 0 0 0 0 0 1 0 0 0 0 0 0 0 0
22 3 41.184000 -105.396000 0.74 0.08 4 0 0 0 0 0 0 0 0 0 1 0 0 0 0 0 0 0 0
23 3 41.184000 -105.396000 0.74 0.08 4 0 0 0 0 0 0 0 0 0 1 0 0 0 0 0 0 0 0
24 3 41.184000 -105.396000 0.74 0.08 4 0 0 0 0 0 0 0 0 0 1 0 0 0 0 0 0 0 0
25 3 41.184000 -105.396000 0.74 0.08 4 0 0 0 0 0 0 0 0 0 1 0 0 0 0 0 0 0 0
26 3 41.184000 -105.396000 0.74 0.08 4 0 0 0 0 0 0 0 0 0 1 0 0 0 0 0 0 0 0
27 3 41.184000 -105.396000 0.74 0.08 4 0 0 0 0 0 0 0 0 0 1 0 0 0 0 0 0 0 0
28 3 41.184000 -105.396000 0.74 0.08 4 0 0 0 0 0 0 0 0 0 1 0 0 0 0 0 0 0 0
29 3 41.184000 -105.396000 0.74 0.08 4 0 0 0 0 0 0 0 0 0 1 0 0 0 0 0 0 0 0
30 3 41.184000 -105.396000 0.74 0.08 4 0 0 0 0 0 0 0 0 0 1 0 0 0 0 0 0 0 0
31 3 41.184000 -105.396000 0.74 0.08 4 0 0 0 0 0 0 0 0 0 1 0 0 0 0 0 0 0 0
32 3 41.184000 -105.396000 0.74 0.08 4 0 0 0 0 0 0 0 0 0 1 0 0 0 0 0 0 0 0
33 3 41.184000 -105.396000 0.74 0.08 4 0 0 0 0 0 0 0 0 0 1 0 0 0 0 0 0 0 0
34 3 41.184000 -105.396000 0.74 0.08 4 0 0 0 0 0 0 0 0 0 1 0 0 0 0 0 0 0 0
35 3 41.184000 -105.396000 0.74 0.08 4 0 0 0 0 0 0 0 0 0 1 0 0 0 0 0 0 0 0
36 3 41.184000 -105.396000 0.74 0.08 4 0 0 0 0 0 0 0 0 0 1 0 0 0 0 0 0 0 0
37 3 41.184000 -105.396000 0.74 0.08 4 0 0 0 0 0 0 0 0 0 1 0 0 0 0 0 0 0 0
38 3 41.184000 -105.396000 0.74 0.08 4 0 0 0 0 0 0 0 0 0 1 0 0 0 0 0 0 0 0
39 3 41.184000 -105.396000 0.74 0.08 4 0 0 0 0 0 0 0 0 0 1 0 0 0 0 0 0 0 0
40 3 41.184000 -105.396000 0.74 0.08 4 0 0 0 0 0 0 0 0 0 1 0 0 0 0 0 0 0 0
41 3 41.184000 -105.396000 0.74 0.08 4 0 0 0 0 0 0 0 0 0 1 0 0 0 0 0 0 0 0
42 3 41.184000 -105.396000 0.74 0.08 4 0 0 0 0 0 0 0 0 0 1 0 0 0 0 0 0 0 0
43 3 41.184000 -105.396000 0.74 0.08 4 0 0 0 0 0 0 0 0 0 1 0 0 0 0 0 0 0 0
44 3 41.184000 -105.396000 0.74 0.08 4 0 0 0 0 0 0 0 0 0 1 0 0 0 0 0 0 0 0
45 3 41.184000 -105.396000 0.74 0.08 4 0 0 0 0 0 0 0 0 0 1 0 0 0 0 0 0 0 0
46 3 41.184000 -105.396000 0.74 0.08 4 0 0 0 0 0 0 0 0 0 1 0 0 0 0 0 0 0 0
47 3 41.184000 -105.396000 0.74 0.08 4 0 0 0 0 0 0 0 0 0 1 0 0 0 0 0 0 0 0
48 3 41.184000 -105.396000 0.74 0.08 4 0 0 0 0 0 0 0 0 0 1 0 0 0 0 0 0 0 0
49 3 41.184000 -105.396000 0.74 0.08 4 0 0 0 0 0 0 0 0 0 1 0 0 0 0 0 0 0 0
50 3 41.184000 -105.396000 0.74 0.08 4 0 0 0 0 0 0 0 0 0 1 0 0 0 0 0 0 0 0
1 4 41.184000 -105.396000 0.74 0.08 4 0 0 0 0 0 0 0 0 0 1 0 0 0 0 0 0 0 0
2 4 41.184000 -105.396000 0.74 0.08 4 0 0 0 0 0 0 0 0 0 1 0 0 0 0 0 0 0 0
3 4 41.184000 -105.396000 0.74 0.08 4 0 0 0 0 0 0 0 0 0 1 0 0 0 0 0 0 0 0
4 4 41.184000 -105.396000 0.74 0.08 4 0 0 0 0 0 0 0 0 0 1 0 0 0 0 0 0 0 0
5 4 41.184000 -105.396000 0.74 0.08 4 0 0 0 0 0 0 0 0 0 1 0 0 0 0 0 0 0 0
6 4 41.184000 -105.396000 0.74 0.08 4 0 0 0 0 0 0 0 0 0 1 0 0 0 0 0 0 0 0
7 4 41.184000 -105.396000 0.74 0.08 4 0 0 0 0 0 0 0 0 0 1 0 0 0 0 0 0 0 0
8 4 41.184000 -105.396000 0.74 0.08 4 0 0 0 0 0 0 0 0 0 1 0 0 0 0 0 0 0 0
9 4 41.184000 -105.396000 0.74 0.08 4 0 0 0 0 0 0 0 0 0 1 0 0 0 0 0 0 0 0
10 4 41.184000 -105.396000 0.74 0.08 4 0 0 0 0 0 0 0 0 0 1 0 0 0 0 0 0 0 0
11 4 41.184000 -105.396000 0.74 0.08 4 0 0 0 0 0 0 0 0 0 1 0 0 0 0 0 0 0 0
12 4 41.184000 -105.396000 0.74 0.08 4 0 0 0 0 0 0 0 0 0 1 0 0 0 0 0 0 0 0
13 4 41.184000 -105.396000 0.74 0.08 4 0 0 0 0 0 0 0 0 0 1 0 0 0 0 0 0 0 0
14 4 41.184000 -105.396000 0.74 0.08 4 0 0 0 0 0 0 0 0 0 1 0 0 0 0 0 0 0 0
15 4 41.184000 -105.396000 0.74 0.08 4 0 0 0 0 0 0 0 0 0 1 0 0 0 0 0 0 0 0
16 4 41.184000 -105.396000 0.74 0.08 4 0 0 0 0 0 0 0 0 0 1 0 0 0 0 0 0 0 0
17 4 41.184000 -105.396000 0.74 0.08 4 0 0 0 0 0 0 0 0 0 1 0 0 0 0 0 0 0 0
18 4 41.184000 -105.396000 0.74 0.08 4 0 0 0 0 0 0 0 0 0 1 0 0 0 0 0 0 0 0
19 4 41.184000 -105.396000 0.74 0.08 4 0 0 0 0 0 0 0 0 0 1 0 0 0 0 0 0 0 0
20 4 41.184000 -105.396000 0.74 0.08 4 0 0 0 0 0 0 0 0 0 1 0 0 0 0 0 0 0 0
21 4 41.184000 -105.396000 0.74 0.08 4 0 0 0 0 0 0 0 0 0 1 0 0 0 0 0 0 0 0
22 4 41.184000 -105.396000 0.74 0.08 4 0 0 0 0 0 0 0 0 0 1 0 0 0 0 0 0 0 0
23 4 41.184000 -105.396000 0.74 0.08 4 0 0 0 0 0 0 0 0 0 1 0 0 0 0 0 0 0 0
24 4 41.184000 -105.396000 0.74 0.08 4 0 0 0 0 0 0 0 0 0 1 0 0 0 0 0 0 0 0
25 4 41.184000 -105.396000 0.74 0.08 4 0 0 0 0 0 0 0 0 0 1 0 0 0 0 0 0 0 0
26 4 41.184000 -105.396000 0.74 0.08 4 0 0 0 0 0 0 0 0 0 1 0 0 0 0 0 0 0 0
27 4 41.184000 -105.396000 0.74 0.08 4 0 0 0 0 0 0 0 0 0 1 0 0 0 0 0 0 0 0
28 4 41.184000 -105.396000 0.74 0.08 4 0 0 0 0 0 0 0 0 0 1 0 0 0 0 0 0 0 0
29 4 41.184000 -105.396000 0.74 0.08 4 0 0 0 0 0 0 0 0 0 1 0 0 0 0 0 0 0 0
30 4 41.184000 -105.396000 0.74 0.08 4 0 0 0 0 0 0 0 0 0 1 0 0 0 0 0 0 0 0
31 4 41.184000 -105.396000 0.74 0.08 4 0 0 0 0 0 0 0 0 0 1 0 0 0 0 0 0 0 0
32 4 41.184000 -105.396000 0.74 0.08 4 0 0 0 0 0 0 0 0 0 1 0 0 0 0 0 0 0 0
33 4 41.184000 -105.396000 0.74 0.08 4 0 0 0 0 0 0 0 0 0 1 0 0 0 0 0 0 0 0
34 4 41.184000 -105.396000 0.74 0.08 4 0 0 0 0 0 0 0 0 0 1 0 0 0 0 0 0 0 0
35 4 41.184000 -105.396000 0.74 0.08 4 0 0 0 0 0 0 0 0 0 1 0 0 0 0 0 0 0 0
36 4 41.184000 -105.396000 0.74 0.08 4 0 0 0 0 0 0 0 0 0 1 0 0 0 0 0 0 0 0
37 4 41.184000 -105.396000 0.74 0.08 4 0 0 0 0 0 0 0 0 0 1 0 0 0 0 0 0 0 0
38 4 41.184000 -105.396000 0.74 0.08 4 0 0 0 0 0 0 0 0 0 1 0 0 0 0 0 0 0 0
39 4 41.184000 -105.396000 0.74 0.08 4 0 0 0 0 0 0 0 0 0 1 0 0 0 0 0 0 0 0
40 4 41.184000 -105.396000 0.74 0.08 4 0 0 0 0 0 0 0 0 0 1 0 0 0 0 0 0 0 0
41 4 41.184000 -105.396000 0.74 0.08 4 0 0 0 0 0 0 0 0 0 1 0 0 0 0 0 0 0 0
42 4 41.184000 -105.396000 0.74 0.08 4 0 0 0 0 0 0 0 0 0 1 0 0 0 0 0 0 0 0
43 4 41.184000 -105.396000 0.74 0.08 4 0 0 0 0 0 0 0 0 0 1 0 0 0 0 0 0 0 0
44 4 41.184000 -105.396000 0.74 0.08 4 0 0 0 0 0 0 0 0 0 1 0 0 0 0 0 0 0 0
45 4 41.184000 -105.396000 0.74 0.08 4 0 0 0 0 0 0 0 0 0 1 0 0 0 0 0 0 0 0
46 4 41.184000 -105.396000 0.74 0.08 4 0 0 0 0 0 0 0 0 0 1 0 0 0 0 0 0 0 0
47 4 41.184000 -105.396000 0.74 0.08 4 0 0 0 0 0 0 0 0 0 1 0 0 0 0 0 0 0 0
48 4 41.184000 -105.396000 0.74 0.08 4 0 0 0 0 0 0 0 0 0 1 0 0 0 0 0 0 0 0
49 4 41.184000 -105.396000 0.74 0.08 4 0 0 0 0 0 0 0 0 0 1 0 0 0 0 0 0 0 0
50 4 41.184000 -105.396000 0.74 0.08 4 0 0 0 0 0 0 0 0 0 1 0 0 0 0 0 0 0 0
1 5 41.184000 -105.396000 0.74 0.08 4 0 0 0 0 0 0 0 0 0 1 0 0 0 0 0 0 0 0
2 5 41.184000 -105.396000 0.74 0.08 4 0 0 0 0 0 0 0 0 0 1 0 0 0 0 0 0 0 0
3 5 41.184000 -105.396000 0.74 0.08 4 0 0 0 0 0 0 0 0 0 1 0 0 0 0 0 0 0 0
4 5 41.184000 -105.396000 0.74 0.08 4 0 0 0 0 0 0 0 0 0 1 0 0 0 0 0 0 0 0
5 5 41.184000 -105.396000 0.74 0.08 4 0 0 0 0 0 0 0 0 0 1 0 0 0 0 0 0 0 0
6 5 41.184000 -105.396000 0.74 0.08 4 0 0 0 0 0 0 0 0 0 1 0 0 0 0 0 0 0 0
7 5 41.184000 -105.396000 0.74 0.08 4 0 0 0 0 0 0 0 0 0 1 0 0 0 0 0 0 0 0
8 5 41.184000 -105.396000 0.74 0.08 4 0 0 0 0 0 0 0 0 0 1 0 0 0 0 0 0 0 0
9 5 41.184000 -105.396000 0.74 0.08 4 0 0 0 0 0 0 0 0 0 1 0 0 0 0 0 0 0 0
10 5 41.184000 -105.396000 0.74 0.08 4 0 0 0 0 0 0 0 0 0 1 0 0 0 0 0 0 0 0
11 5 41.184000 -105.396000 0.74 0.08 4 0 0 0 0 0 0 0 0 0 1 0 0 0 0 0 0 0 0
12 5 41.184000 -105.396000 0.74 0.08 4 0 0 0 0 0 0 0 0 0 1 0 0 0 0 0 0 0 0
13 5 41.184000 -105.396000 0.74 0.08 4 0 0 0 0 0 0 0 0 0 1 0 0 0 0 0 0 0 0
14 5 41.184000 -105.396000 0.74 0.08 4 0 0 0 0 0 0 0 0 0 1 0 0 0 0 0 0 0 0
15 5 41.184000 -105.396000 0.74 0.08 4 0 0 0 0 0 0 0 0 0 1 0 0 0 0 0 0 0 0
16 5 41.184000 -105.396000 0.74 0.08 4 0 0 0 0 0 0 0 0 0 1 0 0 0 0 0 0 0 0
17 5 41.184000 -105.396000 0.74 0.08 4 0 0 0 0 0 0 0 0 0 1 0 0 0 0 0 0 0 0
18 5 41.184000 -105.396000 0.74 0.08 4 0 0 0 0 0 0 0 0 0 1 0 0 0 0 0 0 0 0
19 5 41.184000 -105.396000 0.74 0.08 4 0 0 0 0 0 0 0 0 0 1 0 0 0 0 0 0 0 0
20 5 41.184000 -105.396000 0.74 0.08 4 0 0 0 0 0 0 0 0 0 1 0 0 0 0 0 0 0 0
21 5 41.184000 -105.396000 0.74 0.08 4 0 0 0 0 0 0 0 0 0 1 0 0 0 0 0 0 0 0
22 5 41.184000 -105.396000 0.74 0.08 4 0 0 0 0 0 0 0 0 0 1 0 0 0 0 0 0 0 0
23 5 41.184000 -105.396000 0.74 0.08 4 0 0 0 0 0 0 0 0 0 1 0 0 0 0 0 0 0 0
24 5 41.184000 -105.396000 0.74 0.08 4 0 0 0 0 0 0 0 0 0 1 0 0 0 0 0 0 0 0
25 5 41.184000 -105.396000 0.74 0.08 4 0 0 0 0 0 0 0 0 0 1 0 0 0 0 0 0 0 0
26 5 41.184000 -105.396000 0.74 0.08 4 0 0 0 0 0 0 0 0 0 1 0 0 0 0 0 0 0 0
27 5 41.184000 -105.396000 0.74 0.08 4 0 0 0 0 0 0 0 0 0 1 0 0 0 0 0 0 0 0
28 5 41.184000 -105.396000 0.74 0.08 4 0 0 0 0 0 0 0 0 0 1 0 0 0 0 0 0 0 0
29 5 41.184000 -105.396000 0.74 0.08 4 0 0 0 0 0 0 0 0 0 1 0 0 0 0 0 0 0 0
30 5 41.184000 -105.396000 0.74 0.08 4 0 0 0 0 0 0 0 0 0 1 0 0 0 0 0 0 0 0
31 5 41.184000 -105.396000 0.74 0.08 4 0 0 0 0 0 0 0 0 0 1 0 0 0 0 0 0 0 0
32 5 41.184000 -105.396000 0.74 0.08 4 0 0 0 0 0 0 0 0 0 1 0 0 0 0 0 0 0 0
33 5 41.184000 -105.396000 0.74 0.08 4 0 0 0 0 0 0 0 0 0 1 0 0 0 0 0 0 0 0
34 5 41.184000 -105.396000 0.74 0.08 4 0 0 0 0 0 0 0 0 0 1 0 0 0 0 0 0 0 0
35 5 41.184000 -105.396000 0.74 0.08 4 0 0 0 0 0 0 0 0 0 1 0 0 0 0 0 0 0 0
36 5 41.184000 -105.396000 0.74 0.08 4 0 0 0 0 0 0 0 0 0 1 0 0 0 0 0 0 0 0
37 5 41.184000 -105.396000 0.74 0.08 4 0 0 0 0 0 0 0 0 0 1 0 0 0 0 0 0 0 0
38 5 41.184000 -105.396000 0.74 0.08 4 0 0 0 0 0 0 0 0 0 1 0 0 0 0 0 0 0 0
39 5 41.184000 -105.396000 0.74 0.08 4 0 0 0 0 0 0 0 0 0 1 0 0 0 0 0 0 0 0
40 5 41.184000 -105.396000 0.74 0.08 4 0 0 0 0 0 0 0 0 0 1 0 0 0 0 0 0 0 0
41 5 41.184000 -105.396000 0.74 0.08 4 0 0 0 0 0 0 0 0 0 1 0 0 0 0 0 0 0 0
42 5 41.184000 -105.396000 0.74 0.08 4 0 0 0 0 0 0 0 0 0 1 0 0 0 0 0 0 0 0
43 5 41.184000 -105.396000 0.74 0.08 4 0 0 0 0 0 0 0 0 0 1 0 0 0 0 0 0 0 0
44 5 41.184000 -105.396000 0.74 0.08 4 0 0 0 0 0 0 0 0 0 1 0 0 0 0 0 0 0 0
45 5 41.184000 -105.396000 0.74 0.08 4 0 0 0 0 0 0 0 0 0 1 0 0 0 0 0 0 0 0
46 5 41.184000 -105.396000 0.74 0.08 4 0 0 0 0 0 0 0 0 0 1 0 0 0 0 0 0 0 0
47 5 41.184000 -105.396000 0.74 0.08 4 0 0 0 0 0 0 0 0 0 1 0 0 0 0 0 0 0 0
48 5 41.184000 -105.396000 0.74 0.08 4 0 0 0 0 0 0 0 0 0 1 0 0 0 0 0 0 0 0
49 5 41.184000 -105.396000 0.74 0.08 4 0 0 0 0 0 0 0 0 0 1 0 0 0 0 0 0 0 0
50 5 41.184000 -105.396000 0.74 0.08 4 0 0 0 0 0 0 0 0 0 1 0 0 0 0 0 0 0 0
